% lezione del 3/2/2023

a=10^10;
b=1.0e4
c=(a+b)^2
